10.1
10.9
11.3
12.4
12.8
14.0
14.7
15.5
16.4
17.5
18.2
18.7
19.6
20.1
21.0
21.9
22.6
23.6
24.6
25.1
25.8
27.0
27.6
28.6
29.4
30.3
30.9
31.5
32.1
32.8
34.5
34.6
35.6
36.2
37.2
38.1
38.6
39.7
40.4
41.0
41.9
42.9
43.9
44.2
45.2
45.7
46.8
47.7
48.2
49.0
50.0
50.8
51.6
52.5
53.3
53.9
54.5
55.9
56.6
57.4
57.9
58.7
59.7
60.5
60.8
62.2
62.8
63.5
64.3
65.4
65.5
66.4
67.4
68.7
69.4
70.0
70.5
71.4
72.8
73.2
73.9
74.8
75.7
76.3
77.3
78.0
78.8
79.9
80.5
81.0
81.9
82.5
83.8
84.9
85.1
85.9
86.8
87.5
88.4
89.3
