99.9
103.4
102.8
106.1
109.4
108.6
111.0
113.8
116.1
117.7
120.2
122.3
125.2
126.0
126.2
129.2
132.3
133.3
136.3
138.0
141.3
142.3
143.8
145.1
145.8
150.0
152.8
151.8
157.0
157.8
159.5
161.3
163.1
166.7
167.4
168.6
171.7
173.2
175.2
179.2
180.0
181.5
184.1
185.2
188.3
189.6
190.8
195.1
195.8
198.2
199.0
203.9
204.4
206.1
206.8
208.4
212.3
212.3
215.4
217.7
221.6
221.7
222.6
224.5
227.9
229.7
229.9
233.6
236.0
237.3
240.2
241.3
243.9
245.3
245.9
249.6
250.9
256.1
255.1
257.5
259.8
262.5
264.4
265.1
267.1
267.9
270.5
274.4
276.4
278.9
280.8
281.4
282.3
284.7
287.6
289.7
291.1
291.8
294.8
299.0
