-20.0
-19.4
-18.6
-17.7
-17.2
-16.6
-15.9
-15.1
-14.4
-13.7
-12.8
-12.2
-11.8
-11.0
-10.1
-9.5
-8.7
-8.1
-7.3
-6.8
-6.0
-5.2
-4.5
-4.0
-3.1
-2.5
-1.6
-1.1
-0.4
0.2
0.9
1.8
2.3
3.2
3.8
4.5
5.2
5.8
6.5
7.2
8.1
8.7
9.3
10.0
10.7
11.6
12.2
12.7
13.7
14.2
14.8
15.7
16.4
17.1
17.7
18.5
19.1
19.8
20.6
21.2
22.1
22.8
23.5
23.9
24.9
25.5
26.2
26.9
27.5
28.4
28.9
29.6
30.5
31.1
31.8
32.5
33.3
33.9
34.7
35.2
36.3
36.6
37.4
38.0
38.6
39.7
40.3
40.8
41.6
42.3
43.2
43.6
44.4
45.1
45.9
46.5
47.2
48.1
48.7
49.4
